[cosmological_parameters]
sigma_8 = 0.7 0.8 0.9
omega_c =   0.10 0.255 0.70
n_s     =   0.87 0.97 1.07
h0      =   0.62 0.715 0.80
omega_b = 0.02 0.044 0.08



omega_k =   0.0
w       =   -1.0
wa      =   0.0
tau     =   0.0851
mnu     =   0.0

[halo_model_parameters]
logT_AGN = 7.5 8.0 9.5


[intrinsic_alignment_parameters]
A = 0.0
alpha = 1.0
z_pivot = 0.5


[wl_photoz_errors]
bias_1 = -0.05 0.0 0.05
bias_2 = -0.05 0.0 0.05
bias_3 = -0.05 0.0 0.05
bias_4 = -0.05 0.0 0.05
bias_5 = -0.05 0.0 0.05


[bias_lens]
b1 = 0.5  1.266875325431873 2.0
b2 = 0.5  1.314054071857109 2.0
b3 = 0.5 1.3636554550390585 2.0
b4 = 0.5 1.4140182068853981 2.0
b5 = 0.5  1.467296807641556 2.0
