[cosmological_parameters]
sigma_8 = 0.7 0.8 0.9
omega_c =   0.15 0.255 0.35
n_s     =   0.87 0.97 1.07
h0      =   0.62 0.715 0.80
omega_b = 0.02 0.044 0.08

; Fixed parameters
omega_k =   0.0
w       =   -1.0
wa      =   0.0
tau     =   0.0851
mnu     =   0.0

[halo_model_parameters]
logT_AGN = 7.5 8.0 9.5


[intrinsic_alignment_parameters]
A = -1.0 0.0 1.0
alpha = 0.5  1.0  2.0
z_pivot = 0.5


; uncorrelated shift parameters.
[source_dz_uncor]
b1 = -4.0 0.0 4.0
b2 = -4.0 0.0 4.0
b3 = -4.0 0.0 4.0
b4 = -4.0 0.0 4.0
b5 = -4.0 0.0 4.0



[lens_dz_uncor]
b1 = -4.0 0.0 4.0
b2 = -4.0 0.0 4.0
b3 = -4.0 0.0 4.0
b4 = -4.0 0.0 4.0
b5 = -4.0 0.0 4.0



[bias_lens]
; Linear Galaxy bias values
b1 = 1.2  1.266875325431873 1.3
b2 = 1.25  1.314054071857109 1.35
b3 = 1.3 1.3636554550390585 1.4
b4 = 1.35 1.4140182068853981 1.45
b5 = 1.4  1.467296807641556 1.5
